[[1, 2], [-2, -4], [3, 4], [-4, -5], [5, -6], [6, -7], [6, 7], [7, -16], [8, -9], [-8, -14], [9, 10], [9, -10], [-10, -11], [10, 12], [11, 12], [13, 14], [14, -15], [15, 16]]
We have found a solution: [12, -11, 10, 9, 13, 16, -15, -14, 8, 7, 6, -4, 5, 3, 1]
Despejando literal 12
[[1, 2], [-2, -4], [3, 4], [-4, -5], [5, -6], [6, -7], [6, 7], [7, -16], [8, -9], [-8, -14], [9, 10], [9, -10], [-10, -11], [13, 14], [14, -15], [15, 16]]
Despejando literal -11
[[1, 2], [-2, -4], [3, 4], [-4, -5], [5, -6], [6, -7], [6, 7], [7, -16], [8, -9], [-8, -14], [9, 10], [9, -10], [13, 14], [14, -15], [15, 16]]
Despejando literal 10
[[1, 2], [-2, -4], [3, 4], [-4, -5], [5, -6], [6, -7], [6, 7], [7, -16], [8, -9], [-8, -14], [9], [13, 14], [14, -15], [15, 16]]
Despejando literal 9
[[1, 2], [-2, -4], [3, 4], [-4, -5], [5, -6], [6, -7], [6, 7], [7, -16], [8], [-8, -14], [13, 14], [14, -15], [15, 16]]
Despejando literal 13
[[1, 2], [-2, -4], [3, 4], [-4, -5], [5, -6], [6, -7], [6, 7], [7, -16], [8], [-8, -14], [14, -15], [15, 16]]
Despejando literal 16
[[1, 2], [-2, -4], [3, 4], [-4, -5], [5, -6], [6, -7], [6, 7], [7], [8], [-8, -14], [14, -15]]
Despejando literal -15
[[1, 2], [-2, -4], [3, 4], [-4, -5], [5, -6], [6, -7], [6, 7], [7], [8], [-8, -14]]
Despejando literal -14
[[1, 2], [-2, -4], [3, 4], [-4, -5], [5, -6], [6, -7], [6, 7], [7], [8]]
Despejando literal 8
[[1, 2], [-2, -4], [3, 4], [-4, -5], [5, -6], [6, -7], [6, 7], [7]]
Despejando literal 7
[[1, 2], [-2, -4], [3, 4], [-4, -5], [5, -6], [6]]
Despejando literal 6
[[1, 2], [-2, -4], [3, 4], [-4, -5], [5]]
Despejando literal -4
[[1, 2], [3], [5]]
Despejando literal 5
[[1, 2], [3]]
Despejando literal 3
[[1, 2]]
Despejando literal 1
True
The check returns: True
