[[1, 2], [-2, -4], [3, 4], [-4, -5], [5, -6], [6, -7], [6, 7], [7, -16], [8, -9], [-8, -14], [9, 10], [9, -10], [-10, -11], [10, 12], [11, 12], [13, 14], [14, -15], [15, 16]]
We have found a solution: [-14, -15, 9, 8, 16, 7, -4, -11, 6, 5, 1, 3, 12, 13]
Despejando literal -14
[[1, 2], [-2, -4], [3, 4], [-4, -5], [5, -6], [6, -7], [6, 7], [7, -16], [8, -9], [9, 10], [9, -10], [-10, -11], [10, 12], [11, 12], [13], [-15], [15, 16]]
Despejando literal -15
[[1, 2], [-2, -4], [3, 4], [-4, -5], [5, -6], [6, -7], [6, 7], [7, -16], [8, -9], [9, 10], [9, -10], [-10, -11], [10, 12], [11, 12], [13], [16]]
Despejando literal 9
[[1, 2], [-2, -4], [3, 4], [-4, -5], [5, -6], [6, -7], [6, 7], [7, -16], [8], [-10, -11], [10, 12], [11, 12], [13], [16]]
Despejando literal 8
[[1, 2], [-2, -4], [3, 4], [-4, -5], [5, -6], [6, -7], [6, 7], [7, -16], [-10, -11], [10, 12], [11, 12], [13], [16]]
Despejando literal 16
[[1, 2], [-2, -4], [3, 4], [-4, -5], [5, -6], [6, -7], [6, 7], [7], [-10, -11], [10, 12], [11, 12], [13]]
Despejando literal 7
[[1, 2], [-2, -4], [3, 4], [-4, -5], [5, -6], [6], [-10, -11], [10, 12], [11, 12], [13]]
Despejando literal -4
[[1, 2], [3], [5, -6], [6], [-10, -11], [10, 12], [11, 12], [13]]
Despejando literal -11
[[1, 2], [3], [5, -6], [6], [10, 12], [12], [13]]
Despejando literal 6
[[1, 2], [3], [5], [10, 12], [12], [13]]
Despejando literal 5
[[1, 2], [3], [10, 12], [12], [13]]
Despejando literal 1
[[3], [10, 12], [12], [13]]
Despejando literal 3
[[10, 12], [12], [13]]
Despejando literal 12
[[13]]
Despejando literal 13
True
The check returns: True
