[[16, 17, 30], [-17, 22, 30], [-17, -22, 30], [16, -30, 47], [16, -30, -47], [-16, -21, 31], [-16, -21, -31], [-16, 21, -28], [-13, 21, 28], [13, -16, 18], [13, -18, -38], [13, -18, -31], [31, 38, 44], [-8, 31, -44], [8, -12, -44], [8, 12, -27], [12, 27, 40], [-4, 27, -40], [12, 23, -40], [-3, 4, -23], [3, -23, -49], [3, -13, -49], [-23, -26, 49], [12, -34, 49], [-12, 26, -34], [19, 34, 36], [-19, 26, 36], [-30, 34, -36], [24, 34, -36], [-24, -36, 43], [6, 42, -43], [-24, 42, -43], [-5, -24, -42], [5, 20, -42], [5, -7, -20], [4, 7, 10], [-4, 10, -20], [7, -10, -41], [-10, 41, 46], [-33, 41, -46], [33, -37, -46], [32, 33, 37], [6, -32, 37], [-6, 25, -32], [-6, -25, -48], [-9, 28, 48], [-9, -25, -28], [19, -25, 48], [2, 9, -19], [-2, -19, 35], [-2, 22, -35], [-22, -35, 50], [-17, -35, -50], [-29, -35, -50], [-1, 29, -50], [1, 11, 29], [-11, 17, -45], [-11, 39, 45], [-26, 39, 45], [-3, -26, 45], [-11, 15, -39], [14, -15, -39], [14, -15, -45], [14, -15, -27], [-14, -15, 47], [17, 17, 40], [1, -29, -31], [-7, 32, 38], [-14, -33, -47], [-1, 2, -8], [35, 43, 44], [21, 21, 24], [20, 29, -48], [23, 35, -37], [2, 18, -33], [15, 25, -45], [9, 14, -38], [-5, 11, 50], [-3, -13, 46], [-13, -41, 43]]
We have found a solution: [-9, 47, 14, 15, 39, 18, -13, -28, -45, -21, 16, -17, 11, -29, 50, 22, 35, 2, 19, -48, 25, 6, -37, -33, 46, -41, 10, -7, 20, -5, 42, 43, 24, 36, -30, 32, -26, -34, -49, -3, 23, -4, 40, -27, -12, -8, 44, -38, -31, -1]
Despejando literal -9
[[16, 17, 30], [-17, 22, 30], [-17, -22, 30], [16, -30, 47], [16, -30, -47], [-16, -21, 31], [-16, -21, -31], [-16, 21, -28], [-13, 21, 28], [13, -16, 18], [13, -18, -38], [13, -18, -31], [31, 38, 44], [-8, 31, -44], [8, -12, -44], [8, 12, -27], [12, 27, 40], [-4, 27, -40], [12, 23, -40], [-3, 4, -23], [3, -23, -49], [3, -13, -49], [-23, -26, 49], [12, -34, 49], [-12, 26, -34], [19, 34, 36], [-19, 26, 36], [-30, 34, -36], [24, 34, -36], [-24, -36, 43], [6, 42, -43], [-24, 42, -43], [-5, -24, -42], [5, 20, -42], [5, -7, -20], [4, 7, 10], [-4, 10, -20], [7, -10, -41], [-10, 41, 46], [-33, 41, -46], [33, -37, -46], [32, 33, 37], [6, -32, 37], [-6, 25, -32], [-6, -25, -48], [19, -25, 48], [2, -19], [-2, -19, 35], [-2, 22, -35], [-22, -35, 50], [-17, -35, -50], [-29, -35, -50], [-1, 29, -50], [1, 11, 29], [-11, 17, -45], [-11, 39, 45], [-26, 39, 45], [-3, -26, 45], [-11, 15, -39], [14, -15, -39], [14, -15, -45], [14, -15, -27], [-14, -15, 47], [17, 17, 40], [1, -29, -31], [-7, 32, 38], [-14, -33, -47], [-1, 2, -8], [35, 43, 44], [21, 21, 24], [20, 29, -48], [23, 35, -37], [2, 18, -33], [15, 25, -45], [14, -38], [-5, 11, 50], [-3, -13, 46], [-13, -41, 43]]
Despejando literal 47
[[16, 17, 30], [-17, 22, 30], [-17, -22, 30], [16, -30], [-16, -21, 31], [-16, -21, -31], [-16, 21, -28], [-13, 21, 28], [13, -16, 18], [13, -18, -38], [13, -18, -31], [31, 38, 44], [-8, 31, -44], [8, -12, -44], [8, 12, -27], [12, 27, 40], [-4, 27, -40], [12, 23, -40], [-3, 4, -23], [3, -23, -49], [3, -13, -49], [-23, -26, 49], [12, -34, 49], [-12, 26, -34], [19, 34, 36], [-19, 26, 36], [-30, 34, -36], [24, 34, -36], [-24, -36, 43], [6, 42, -43], [-24, 42, -43], [-5, -24, -42], [5, 20, -42], [5, -7, -20], [4, 7, 10], [-4, 10, -20], [7, -10, -41], [-10, 41, 46], [-33, 41, -46], [33, -37, -46], [32, 33, 37], [6, -32, 37], [-6, 25, -32], [-6, -25, -48], [19, -25, 48], [2, -19], [-2, -19, 35], [-2, 22, -35], [-22, -35, 50], [-17, -35, -50], [-29, -35, -50], [-1, 29, -50], [1, 11, 29], [-11, 17, -45], [-11, 39, 45], [-26, 39, 45], [-3, -26, 45], [-11, 15, -39], [14, -15, -39], [14, -15, -45], [14, -15, -27], [17, 17, 40], [1, -29, -31], [-7, 32, 38], [-14, -33], [-1, 2, -8], [35, 43, 44], [21, 21, 24], [20, 29, -48], [23, 35, -37], [2, 18, -33], [15, 25, -45], [14, -38], [-5, 11, 50], [-3, -13, 46], [-13, -41, 43]]
Despejando literal 14
[[16, 17, 30], [-17, 22, 30], [-17, -22, 30], [16, -30], [-16, -21, 31], [-16, -21, -31], [-16, 21, -28], [-13, 21, 28], [13, -16, 18], [13, -18, -38], [13, -18, -31], [31, 38, 44], [-8, 31, -44], [8, -12, -44], [8, 12, -27], [12, 27, 40], [-4, 27, -40], [12, 23, -40], [-3, 4, -23], [3, -23, -49], [3, -13, -49], [-23, -26, 49], [12, -34, 49], [-12, 26, -34], [19, 34, 36], [-19, 26, 36], [-30, 34, -36], [24, 34, -36], [-24, -36, 43], [6, 42, -43], [-24, 42, -43], [-5, -24, -42], [5, 20, -42], [5, -7, -20], [4, 7, 10], [-4, 10, -20], [7, -10, -41], [-10, 41, 46], [-33, 41, -46], [33, -37, -46], [32, 33, 37], [6, -32, 37], [-6, 25, -32], [-6, -25, -48], [19, -25, 48], [2, -19], [-2, -19, 35], [-2, 22, -35], [-22, -35, 50], [-17, -35, -50], [-29, -35, -50], [-1, 29, -50], [1, 11, 29], [-11, 17, -45], [-11, 39, 45], [-26, 39, 45], [-3, -26, 45], [-11, 15, -39], [17, 17, 40], [1, -29, -31], [-7, 32, 38], [-33], [-1, 2, -8], [35, 43, 44], [21, 21, 24], [20, 29, -48], [23, 35, -37], [2, 18, -33], [15, 25, -45], [-5, 11, 50], [-3, -13, 46], [-13, -41, 43]]
Despejando literal 15
[[16, 17, 30], [-17, 22, 30], [-17, -22, 30], [16, -30], [-16, -21, 31], [-16, -21, -31], [-16, 21, -28], [-13, 21, 28], [13, -16, 18], [13, -18, -38], [13, -18, -31], [31, 38, 44], [-8, 31, -44], [8, -12, -44], [8, 12, -27], [12, 27, 40], [-4, 27, -40], [12, 23, -40], [-3, 4, -23], [3, -23, -49], [3, -13, -49], [-23, -26, 49], [12, -34, 49], [-12, 26, -34], [19, 34, 36], [-19, 26, 36], [-30, 34, -36], [24, 34, -36], [-24, -36, 43], [6, 42, -43], [-24, 42, -43], [-5, -24, -42], [5, 20, -42], [5, -7, -20], [4, 7, 10], [-4, 10, -20], [7, -10, -41], [-10, 41, 46], [-33, 41, -46], [33, -37, -46], [32, 33, 37], [6, -32, 37], [-6, 25, -32], [-6, -25, -48], [19, -25, 48], [2, -19], [-2, -19, 35], [-2, 22, -35], [-22, -35, 50], [-17, -35, -50], [-29, -35, -50], [-1, 29, -50], [1, 11, 29], [-11, 17, -45], [-11, 39, 45], [-26, 39, 45], [-3, -26, 45], [17, 17, 40], [1, -29, -31], [-7, 32, 38], [-33], [-1, 2, -8], [35, 43, 44], [21, 21, 24], [20, 29, -48], [23, 35, -37], [2, 18, -33], [-5, 11, 50], [-3, -13, 46], [-13, -41, 43]]
Despejando literal 39
[[16, 17, 30], [-17, 22, 30], [-17, -22, 30], [16, -30], [-16, -21, 31], [-16, -21, -31], [-16, 21, -28], [-13, 21, 28], [13, -16, 18], [13, -18, -38], [13, -18, -31], [31, 38, 44], [-8, 31, -44], [8, -12, -44], [8, 12, -27], [12, 27, 40], [-4, 27, -40], [12, 23, -40], [-3, 4, -23], [3, -23, -49], [3, -13, -49], [-23, -26, 49], [12, -34, 49], [-12, 26, -34], [19, 34, 36], [-19, 26, 36], [-30, 34, -36], [24, 34, -36], [-24, -36, 43], [6, 42, -43], [-24, 42, -43], [-5, -24, -42], [5, 20, -42], [5, -7, -20], [4, 7, 10], [-4, 10, -20], [7, -10, -41], [-10, 41, 46], [-33, 41, -46], [33, -37, -46], [32, 33, 37], [6, -32, 37], [-6, 25, -32], [-6, -25, -48], [19, -25, 48], [2, -19], [-2, -19, 35], [-2, 22, -35], [-22, -35, 50], [-17, -35, -50], [-29, -35, -50], [-1, 29, -50], [1, 11, 29], [-11, 17, -45], [-3, -26, 45], [17, 17, 40], [1, -29, -31], [-7, 32, 38], [-33], [-1, 2, -8], [35, 43, 44], [21, 21, 24], [20, 29, -48], [23, 35, -37], [2, 18, -33], [-5, 11, 50], [-3, -13, 46], [-13, -41, 43]]
Despejando literal 18
[[16, 17, 30], [-17, 22, 30], [-17, -22, 30], [16, -30], [-16, -21, 31], [-16, -21, -31], [-16, 21, -28], [-13, 21, 28], [13, -38], [13, -31], [31, 38, 44], [-8, 31, -44], [8, -12, -44], [8, 12, -27], [12, 27, 40], [-4, 27, -40], [12, 23, -40], [-3, 4, -23], [3, -23, -49], [3, -13, -49], [-23, -26, 49], [12, -34, 49], [-12, 26, -34], [19, 34, 36], [-19, 26, 36], [-30, 34, -36], [24, 34, -36], [-24, -36, 43], [6, 42, -43], [-24, 42, -43], [-5, -24, -42], [5, 20, -42], [5, -7, -20], [4, 7, 10], [-4, 10, -20], [7, -10, -41], [-10, 41, 46], [-33, 41, -46], [33, -37, -46], [32, 33, 37], [6, -32, 37], [-6, 25, -32], [-6, -25, -48], [19, -25, 48], [2, -19], [-2, -19, 35], [-2, 22, -35], [-22, -35, 50], [-17, -35, -50], [-29, -35, -50], [-1, 29, -50], [1, 11, 29], [-11, 17, -45], [-3, -26, 45], [17, 17, 40], [1, -29, -31], [-7, 32, 38], [-33], [-1, 2, -8], [35, 43, 44], [21, 21, 24], [20, 29, -48], [23, 35, -37], [-5, 11, 50], [-3, -13, 46], [-13, -41, 43]]
Despejando literal -13
[[16, 17, 30], [-17, 22, 30], [-17, -22, 30], [16, -30], [-16, -21, 31], [-16, -21, -31], [-16, 21, -28], [-38], [-31], [31, 38, 44], [-8, 31, -44], [8, -12, -44], [8, 12, -27], [12, 27, 40], [-4, 27, -40], [12, 23, -40], [-3, 4, -23], [3, -23, -49], [-23, -26, 49], [12, -34, 49], [-12, 26, -34], [19, 34, 36], [-19, 26, 36], [-30, 34, -36], [24, 34, -36], [-24, -36, 43], [6, 42, -43], [-24, 42, -43], [-5, -24, -42], [5, 20, -42], [5, -7, -20], [4, 7, 10], [-4, 10, -20], [7, -10, -41], [-10, 41, 46], [-33, 41, -46], [33, -37, -46], [32, 33, 37], [6, -32, 37], [-6, 25, -32], [-6, -25, -48], [19, -25, 48], [2, -19], [-2, -19, 35], [-2, 22, -35], [-22, -35, 50], [-17, -35, -50], [-29, -35, -50], [-1, 29, -50], [1, 11, 29], [-11, 17, -45], [-3, -26, 45], [17, 17, 40], [1, -29, -31], [-7, 32, 38], [-33], [-1, 2, -8], [35, 43, 44], [21, 21, 24], [20, 29, -48], [23, 35, -37], [-5, 11, 50]]
Despejando literal -28
[[16, 17, 30], [-17, 22, 30], [-17, -22, 30], [16, -30], [-16, -21, 31], [-16, -21, -31], [-38], [-31], [31, 38, 44], [-8, 31, -44], [8, -12, -44], [8, 12, -27], [12, 27, 40], [-4, 27, -40], [12, 23, -40], [-3, 4, -23], [3, -23, -49], [-23, -26, 49], [12, -34, 49], [-12, 26, -34], [19, 34, 36], [-19, 26, 36], [-30, 34, -36], [24, 34, -36], [-24, -36, 43], [6, 42, -43], [-24, 42, -43], [-5, -24, -42], [5, 20, -42], [5, -7, -20], [4, 7, 10], [-4, 10, -20], [7, -10, -41], [-10, 41, 46], [-33, 41, -46], [33, -37, -46], [32, 33, 37], [6, -32, 37], [-6, 25, -32], [-6, -25, -48], [19, -25, 48], [2, -19], [-2, -19, 35], [-2, 22, -35], [-22, -35, 50], [-17, -35, -50], [-29, -35, -50], [-1, 29, -50], [1, 11, 29], [-11, 17, -45], [-3, -26, 45], [17, 17, 40], [1, -29, -31], [-7, 32, 38], [-33], [-1, 2, -8], [35, 43, 44], [21, 21, 24], [20, 29, -48], [23, 35, -37], [-5, 11, 50]]
Despejando literal -45
[[16, 17, 30], [-17, 22, 30], [-17, -22, 30], [16, -30], [-16, -21, 31], [-16, -21, -31], [-38], [-31], [31, 38, 44], [-8, 31, -44], [8, -12, -44], [8, 12, -27], [12, 27, 40], [-4, 27, -40], [12, 23, -40], [-3, 4, -23], [3, -23, -49], [-23, -26, 49], [12, -34, 49], [-12, 26, -34], [19, 34, 36], [-19, 26, 36], [-30, 34, -36], [24, 34, -36], [-24, -36, 43], [6, 42, -43], [-24, 42, -43], [-5, -24, -42], [5, 20, -42], [5, -7, -20], [4, 7, 10], [-4, 10, -20], [7, -10, -41], [-10, 41, 46], [-33, 41, -46], [33, -37, -46], [32, 33, 37], [6, -32, 37], [-6, 25, -32], [-6, -25, -48], [19, -25, 48], [2, -19], [-2, -19, 35], [-2, 22, -35], [-22, -35, 50], [-17, -35, -50], [-29, -35, -50], [-1, 29, -50], [1, 11, 29], [-3, -26], [17, 17, 40], [1, -29, -31], [-7, 32, 38], [-33], [-1, 2, -8], [35, 43, 44], [21, 21, 24], [20, 29, -48], [23, 35, -37], [-5, 11, 50]]
Despejando literal -21
[[16, 17, 30], [-17, 22, 30], [-17, -22, 30], [16, -30], [-38], [-31], [31, 38, 44], [-8, 31, -44], [8, -12, -44], [8, 12, -27], [12, 27, 40], [-4, 27, -40], [12, 23, -40], [-3, 4, -23], [3, -23, -49], [-23, -26, 49], [12, -34, 49], [-12, 26, -34], [19, 34, 36], [-19, 26, 36], [-30, 34, -36], [24, 34, -36], [-24, -36, 43], [6, 42, -43], [-24, 42, -43], [-5, -24, -42], [5, 20, -42], [5, -7, -20], [4, 7, 10], [-4, 10, -20], [7, -10, -41], [-10, 41, 46], [-33, 41, -46], [33, -37, -46], [32, 33, 37], [6, -32, 37], [-6, 25, -32], [-6, -25, -48], [19, -25, 48], [2, -19], [-2, -19, 35], [-2, 22, -35], [-22, -35, 50], [-17, -35, -50], [-29, -35, -50], [-1, 29, -50], [1, 11, 29], [-3, -26], [17, 17, 40], [1, -29, -31], [-7, 32, 38], [-33], [-1, 2, -8], [35, 43, 44], [24], [20, 29, -48], [23, 35, -37], [-5, 11, 50]]
Despejando literal 16
[[-17, 22, 30], [-17, -22, 30], [-38], [-31], [31, 38, 44], [-8, 31, -44], [8, -12, -44], [8, 12, -27], [12, 27, 40], [-4, 27, -40], [12, 23, -40], [-3, 4, -23], [3, -23, -49], [-23, -26, 49], [12, -34, 49], [-12, 26, -34], [19, 34, 36], [-19, 26, 36], [-30, 34, -36], [24, 34, -36], [-24, -36, 43], [6, 42, -43], [-24, 42, -43], [-5, -24, -42], [5, 20, -42], [5, -7, -20], [4, 7, 10], [-4, 10, -20], [7, -10, -41], [-10, 41, 46], [-33, 41, -46], [33, -37, -46], [32, 33, 37], [6, -32, 37], [-6, 25, -32], [-6, -25, -48], [19, -25, 48], [2, -19], [-2, -19, 35], [-2, 22, -35], [-22, -35, 50], [-17, -35, -50], [-29, -35, -50], [-1, 29, -50], [1, 11, 29], [-3, -26], [17, 17, 40], [1, -29, -31], [-7, 32, 38], [-33], [-1, 2, -8], [35, 43, 44], [24], [20, 29, -48], [23, 35, -37], [-5, 11, 50]]
Despejando literal -17
[[-38], [-31], [31, 38, 44], [-8, 31, -44], [8, -12, -44], [8, 12, -27], [12, 27, 40], [-4, 27, -40], [12, 23, -40], [-3, 4, -23], [3, -23, -49], [-23, -26, 49], [12, -34, 49], [-12, 26, -34], [19, 34, 36], [-19, 26, 36], [-30, 34, -36], [24, 34, -36], [-24, -36, 43], [6, 42, -43], [-24, 42, -43], [-5, -24, -42], [5, 20, -42], [5, -7, -20], [4, 7, 10], [-4, 10, -20], [7, -10, -41], [-10, 41, 46], [-33, 41, -46], [33, -37, -46], [32, 33, 37], [6, -32, 37], [-6, 25, -32], [-6, -25, -48], [19, -25, 48], [2, -19], [-2, -19, 35], [-2, 22, -35], [-22, -35, 50], [-29, -35, -50], [-1, 29, -50], [1, 11, 29], [-3, -26], [40], [1, -29, -31], [-7, 32, 38], [-33], [-1, 2, -8], [35, 43, 44], [24], [20, 29, -48], [23, 35, -37], [-5, 11, 50]]
Despejando literal 11
[[-38], [-31], [31, 38, 44], [-8, 31, -44], [8, -12, -44], [8, 12, -27], [12, 27, 40], [-4, 27, -40], [12, 23, -40], [-3, 4, -23], [3, -23, -49], [-23, -26, 49], [12, -34, 49], [-12, 26, -34], [19, 34, 36], [-19, 26, 36], [-30, 34, -36], [24, 34, -36], [-24, -36, 43], [6, 42, -43], [-24, 42, -43], [-5, -24, -42], [5, 20, -42], [5, -7, -20], [4, 7, 10], [-4, 10, -20], [7, -10, -41], [-10, 41, 46], [-33, 41, -46], [33, -37, -46], [32, 33, 37], [6, -32, 37], [-6, 25, -32], [-6, -25, -48], [19, -25, 48], [2, -19], [-2, -19, 35], [-2, 22, -35], [-22, -35, 50], [-29, -35, -50], [-1, 29, -50], [-3, -26], [40], [1, -29, -31], [-7, 32, 38], [-33], [-1, 2, -8], [35, 43, 44], [24], [20, 29, -48], [23, 35, -37]]
Despejando literal -29
[[-38], [-31], [31, 38, 44], [-8, 31, -44], [8, -12, -44], [8, 12, -27], [12, 27, 40], [-4, 27, -40], [12, 23, -40], [-3, 4, -23], [3, -23, -49], [-23, -26, 49], [12, -34, 49], [-12, 26, -34], [19, 34, 36], [-19, 26, 36], [-30, 34, -36], [24, 34, -36], [-24, -36, 43], [6, 42, -43], [-24, 42, -43], [-5, -24, -42], [5, 20, -42], [5, -7, -20], [4, 7, 10], [-4, 10, -20], [7, -10, -41], [-10, 41, 46], [-33, 41, -46], [33, -37, -46], [32, 33, 37], [6, -32, 37], [-6, 25, -32], [-6, -25, -48], [19, -25, 48], [2, -19], [-2, -19, 35], [-2, 22, -35], [-22, -35, 50], [-1, -50], [-3, -26], [40], [-7, 32, 38], [-33], [-1, 2, -8], [35, 43, 44], [24], [20, -48], [23, 35, -37]]
Despejando literal 50
[[-38], [-31], [31, 38, 44], [-8, 31, -44], [8, -12, -44], [8, 12, -27], [12, 27, 40], [-4, 27, -40], [12, 23, -40], [-3, 4, -23], [3, -23, -49], [-23, -26, 49], [12, -34, 49], [-12, 26, -34], [19, 34, 36], [-19, 26, 36], [-30, 34, -36], [24, 34, -36], [-24, -36, 43], [6, 42, -43], [-24, 42, -43], [-5, -24, -42], [5, 20, -42], [5, -7, -20], [4, 7, 10], [-4, 10, -20], [7, -10, -41], [-10, 41, 46], [-33, 41, -46], [33, -37, -46], [32, 33, 37], [6, -32, 37], [-6, 25, -32], [-6, -25, -48], [19, -25, 48], [2, -19], [-2, -19, 35], [-2, 22, -35], [-1], [-3, -26], [40], [-7, 32, 38], [-33], [-1, 2, -8], [35, 43, 44], [24], [20, -48], [23, 35, -37]]
Despejando literal 22
[[-38], [-31], [31, 38, 44], [-8, 31, -44], [8, -12, -44], [8, 12, -27], [12, 27, 40], [-4, 27, -40], [12, 23, -40], [-3, 4, -23], [3, -23, -49], [-23, -26, 49], [12, -34, 49], [-12, 26, -34], [19, 34, 36], [-19, 26, 36], [-30, 34, -36], [24, 34, -36], [-24, -36, 43], [6, 42, -43], [-24, 42, -43], [-5, -24, -42], [5, 20, -42], [5, -7, -20], [4, 7, 10], [-4, 10, -20], [7, -10, -41], [-10, 41, 46], [-33, 41, -46], [33, -37, -46], [32, 33, 37], [6, -32, 37], [-6, 25, -32], [-6, -25, -48], [19, -25, 48], [2, -19], [-2, -19, 35], [-1], [-3, -26], [40], [-7, 32, 38], [-33], [-1, 2, -8], [35, 43, 44], [24], [20, -48], [23, 35, -37]]
Despejando literal 35
[[-38], [-31], [31, 38, 44], [-8, 31, -44], [8, -12, -44], [8, 12, -27], [12, 27, 40], [-4, 27, -40], [12, 23, -40], [-3, 4, -23], [3, -23, -49], [-23, -26, 49], [12, -34, 49], [-12, 26, -34], [19, 34, 36], [-19, 26, 36], [-30, 34, -36], [24, 34, -36], [-24, -36, 43], [6, 42, -43], [-24, 42, -43], [-5, -24, -42], [5, 20, -42], [5, -7, -20], [4, 7, 10], [-4, 10, -20], [7, -10, -41], [-10, 41, 46], [-33, 41, -46], [33, -37, -46], [32, 33, 37], [6, -32, 37], [-6, 25, -32], [-6, -25, -48], [19, -25, 48], [2, -19], [-1], [-3, -26], [40], [-7, 32, 38], [-33], [-1, 2, -8], [24], [20, -48]]
Despejando literal 2
[[-38], [-31], [31, 38, 44], [-8, 31, -44], [8, -12, -44], [8, 12, -27], [12, 27, 40], [-4, 27, -40], [12, 23, -40], [-3, 4, -23], [3, -23, -49], [-23, -26, 49], [12, -34, 49], [-12, 26, -34], [19, 34, 36], [-19, 26, 36], [-30, 34, -36], [24, 34, -36], [-24, -36, 43], [6, 42, -43], [-24, 42, -43], [-5, -24, -42], [5, 20, -42], [5, -7, -20], [4, 7, 10], [-4, 10, -20], [7, -10, -41], [-10, 41, 46], [-33, 41, -46], [33, -37, -46], [32, 33, 37], [6, -32, 37], [-6, 25, -32], [-6, -25, -48], [19, -25, 48], [-1], [-3, -26], [40], [-7, 32, 38], [-33], [24], [20, -48]]
Despejando literal 19
[[-38], [-31], [31, 38, 44], [-8, 31, -44], [8, -12, -44], [8, 12, -27], [12, 27, 40], [-4, 27, -40], [12, 23, -40], [-3, 4, -23], [3, -23, -49], [-23, -26, 49], [12, -34, 49], [-12, 26, -34], [26, 36], [-30, 34, -36], [24, 34, -36], [-24, -36, 43], [6, 42, -43], [-24, 42, -43], [-5, -24, -42], [5, 20, -42], [5, -7, -20], [4, 7, 10], [-4, 10, -20], [7, -10, -41], [-10, 41, 46], [-33, 41, -46], [33, -37, -46], [32, 33, 37], [6, -32, 37], [-6, 25, -32], [-6, -25, -48], [-1], [-3, -26], [40], [-7, 32, 38], [-33], [24], [20, -48]]
Despejando literal -48
[[-38], [-31], [31, 38, 44], [-8, 31, -44], [8, -12, -44], [8, 12, -27], [12, 27, 40], [-4, 27, -40], [12, 23, -40], [-3, 4, -23], [3, -23, -49], [-23, -26, 49], [12, -34, 49], [-12, 26, -34], [26, 36], [-30, 34, -36], [24, 34, -36], [-24, -36, 43], [6, 42, -43], [-24, 42, -43], [-5, -24, -42], [5, 20, -42], [5, -7, -20], [4, 7, 10], [-4, 10, -20], [7, -10, -41], [-10, 41, 46], [-33, 41, -46], [33, -37, -46], [32, 33, 37], [6, -32, 37], [-6, 25, -32], [-1], [-3, -26], [40], [-7, 32, 38], [-33], [24]]
Despejando literal 25
[[-38], [-31], [31, 38, 44], [-8, 31, -44], [8, -12, -44], [8, 12, -27], [12, 27, 40], [-4, 27, -40], [12, 23, -40], [-3, 4, -23], [3, -23, -49], [-23, -26, 49], [12, -34, 49], [-12, 26, -34], [26, 36], [-30, 34, -36], [24, 34, -36], [-24, -36, 43], [6, 42, -43], [-24, 42, -43], [-5, -24, -42], [5, 20, -42], [5, -7, -20], [4, 7, 10], [-4, 10, -20], [7, -10, -41], [-10, 41, 46], [-33, 41, -46], [33, -37, -46], [32, 33, 37], [6, -32, 37], [-1], [-3, -26], [40], [-7, 32, 38], [-33], [24]]
Despejando literal 6
[[-38], [-31], [31, 38, 44], [-8, 31, -44], [8, -12, -44], [8, 12, -27], [12, 27, 40], [-4, 27, -40], [12, 23, -40], [-3, 4, -23], [3, -23, -49], [-23, -26, 49], [12, -34, 49], [-12, 26, -34], [26, 36], [-30, 34, -36], [24, 34, -36], [-24, -36, 43], [-24, 42, -43], [-5, -24, -42], [5, 20, -42], [5, -7, -20], [4, 7, 10], [-4, 10, -20], [7, -10, -41], [-10, 41, 46], [-33, 41, -46], [33, -37, -46], [32, 33, 37], [-1], [-3, -26], [40], [-7, 32, 38], [-33], [24]]
Despejando literal -37
[[-38], [-31], [31, 38, 44], [-8, 31, -44], [8, -12, -44], [8, 12, -27], [12, 27, 40], [-4, 27, -40], [12, 23, -40], [-3, 4, -23], [3, -23, -49], [-23, -26, 49], [12, -34, 49], [-12, 26, -34], [26, 36], [-30, 34, -36], [24, 34, -36], [-24, -36, 43], [-24, 42, -43], [-5, -24, -42], [5, 20, -42], [5, -7, -20], [4, 7, 10], [-4, 10, -20], [7, -10, -41], [-10, 41, 46], [-33, 41, -46], [32, 33], [-1], [-3, -26], [40], [-7, 32, 38], [-33], [24]]
Despejando literal -33
[[-38], [-31], [31, 38, 44], [-8, 31, -44], [8, -12, -44], [8, 12, -27], [12, 27, 40], [-4, 27, -40], [12, 23, -40], [-3, 4, -23], [3, -23, -49], [-23, -26, 49], [12, -34, 49], [-12, 26, -34], [26, 36], [-30, 34, -36], [24, 34, -36], [-24, -36, 43], [-24, 42, -43], [-5, -24, -42], [5, 20, -42], [5, -7, -20], [4, 7, 10], [-4, 10, -20], [7, -10, -41], [-10, 41, 46], [32], [-1], [-3, -26], [40], [-7, 32, 38], [24]]
Despejando literal 46
[[-38], [-31], [31, 38, 44], [-8, 31, -44], [8, -12, -44], [8, 12, -27], [12, 27, 40], [-4, 27, -40], [12, 23, -40], [-3, 4, -23], [3, -23, -49], [-23, -26, 49], [12, -34, 49], [-12, 26, -34], [26, 36], [-30, 34, -36], [24, 34, -36], [-24, -36, 43], [-24, 42, -43], [-5, -24, -42], [5, 20, -42], [5, -7, -20], [4, 7, 10], [-4, 10, -20], [7, -10, -41], [32], [-1], [-3, -26], [40], [-7, 32, 38], [24]]
Despejando literal -41
[[-38], [-31], [31, 38, 44], [-8, 31, -44], [8, -12, -44], [8, 12, -27], [12, 27, 40], [-4, 27, -40], [12, 23, -40], [-3, 4, -23], [3, -23, -49], [-23, -26, 49], [12, -34, 49], [-12, 26, -34], [26, 36], [-30, 34, -36], [24, 34, -36], [-24, -36, 43], [-24, 42, -43], [-5, -24, -42], [5, 20, -42], [5, -7, -20], [4, 7, 10], [-4, 10, -20], [32], [-1], [-3, -26], [40], [-7, 32, 38], [24]]
Despejando literal 10
[[-38], [-31], [31, 38, 44], [-8, 31, -44], [8, -12, -44], [8, 12, -27], [12, 27, 40], [-4, 27, -40], [12, 23, -40], [-3, 4, -23], [3, -23, -49], [-23, -26, 49], [12, -34, 49], [-12, 26, -34], [26, 36], [-30, 34, -36], [24, 34, -36], [-24, -36, 43], [-24, 42, -43], [-5, -24, -42], [5, 20, -42], [5, -7, -20], [32], [-1], [-3, -26], [40], [-7, 32, 38], [24]]
Despejando literal -7
[[-38], [-31], [31, 38, 44], [-8, 31, -44], [8, -12, -44], [8, 12, -27], [12, 27, 40], [-4, 27, -40], [12, 23, -40], [-3, 4, -23], [3, -23, -49], [-23, -26, 49], [12, -34, 49], [-12, 26, -34], [26, 36], [-30, 34, -36], [24, 34, -36], [-24, -36, 43], [-24, 42, -43], [-5, -24, -42], [5, 20, -42], [32], [-1], [-3, -26], [40], [24]]
Despejando literal 20
[[-38], [-31], [31, 38, 44], [-8, 31, -44], [8, -12, -44], [8, 12, -27], [12, 27, 40], [-4, 27, -40], [12, 23, -40], [-3, 4, -23], [3, -23, -49], [-23, -26, 49], [12, -34, 49], [-12, 26, -34], [26, 36], [-30, 34, -36], [24, 34, -36], [-24, -36, 43], [-24, 42, -43], [-5, -24, -42], [32], [-1], [-3, -26], [40], [24]]
Despejando literal -5
[[-38], [-31], [31, 38, 44], [-8, 31, -44], [8, -12, -44], [8, 12, -27], [12, 27, 40], [-4, 27, -40], [12, 23, -40], [-3, 4, -23], [3, -23, -49], [-23, -26, 49], [12, -34, 49], [-12, 26, -34], [26, 36], [-30, 34, -36], [24, 34, -36], [-24, -36, 43], [-24, 42, -43], [32], [-1], [-3, -26], [40], [24]]
Despejando literal 42
[[-38], [-31], [31, 38, 44], [-8, 31, -44], [8, -12, -44], [8, 12, -27], [12, 27, 40], [-4, 27, -40], [12, 23, -40], [-3, 4, -23], [3, -23, -49], [-23, -26, 49], [12, -34, 49], [-12, 26, -34], [26, 36], [-30, 34, -36], [24, 34, -36], [-24, -36, 43], [32], [-1], [-3, -26], [40], [24]]
Despejando literal 43
[[-38], [-31], [31, 38, 44], [-8, 31, -44], [8, -12, -44], [8, 12, -27], [12, 27, 40], [-4, 27, -40], [12, 23, -40], [-3, 4, -23], [3, -23, -49], [-23, -26, 49], [12, -34, 49], [-12, 26, -34], [26, 36], [-30, 34, -36], [24, 34, -36], [32], [-1], [-3, -26], [40], [24]]
Despejando literal 24
[[-38], [-31], [31, 38, 44], [-8, 31, -44], [8, -12, -44], [8, 12, -27], [12, 27, 40], [-4, 27, -40], [12, 23, -40], [-3, 4, -23], [3, -23, -49], [-23, -26, 49], [12, -34, 49], [-12, 26, -34], [26, 36], [-30, 34, -36], [32], [-1], [-3, -26], [40]]
Despejando literal 36
[[-38], [-31], [31, 38, 44], [-8, 31, -44], [8, -12, -44], [8, 12, -27], [12, 27, 40], [-4, 27, -40], [12, 23, -40], [-3, 4, -23], [3, -23, -49], [-23, -26, 49], [12, -34, 49], [-12, 26, -34], [-30, 34], [32], [-1], [-3, -26], [40]]
Despejando literal -30
[[-38], [-31], [31, 38, 44], [-8, 31, -44], [8, -12, -44], [8, 12, -27], [12, 27, 40], [-4, 27, -40], [12, 23, -40], [-3, 4, -23], [3, -23, -49], [-23, -26, 49], [12, -34, 49], [-12, 26, -34], [32], [-1], [-3, -26], [40]]
Despejando literal 32
[[-38], [-31], [31, 38, 44], [-8, 31, -44], [8, -12, -44], [8, 12, -27], [12, 27, 40], [-4, 27, -40], [12, 23, -40], [-3, 4, -23], [3, -23, -49], [-23, -26, 49], [12, -34, 49], [-12, 26, -34], [-1], [-3, -26], [40]]
Despejando literal -26
[[-38], [-31], [31, 38, 44], [-8, 31, -44], [8, -12, -44], [8, 12, -27], [12, 27, 40], [-4, 27, -40], [12, 23, -40], [-3, 4, -23], [3, -23, -49], [12, -34, 49], [-12, -34], [-1], [40]]
Despejando literal -34
[[-38], [-31], [31, 38, 44], [-8, 31, -44], [8, -12, -44], [8, 12, -27], [12, 27, 40], [-4, 27, -40], [12, 23, -40], [-3, 4, -23], [3, -23, -49], [-1], [40]]
Despejando literal -49
[[-38], [-31], [31, 38, 44], [-8, 31, -44], [8, -12, -44], [8, 12, -27], [12, 27, 40], [-4, 27, -40], [12, 23, -40], [-3, 4, -23], [-1], [40]]
Despejando literal -3
[[-38], [-31], [31, 38, 44], [-8, 31, -44], [8, -12, -44], [8, 12, -27], [12, 27, 40], [-4, 27, -40], [12, 23, -40], [-1], [40]]
Despejando literal 23
[[-38], [-31], [31, 38, 44], [-8, 31, -44], [8, -12, -44], [8, 12, -27], [12, 27, 40], [-4, 27, -40], [-1], [40]]
Despejando literal -4
[[-38], [-31], [31, 38, 44], [-8, 31, -44], [8, -12, -44], [8, 12, -27], [12, 27, 40], [-1], [40]]
Despejando literal 40
[[-38], [-31], [31, 38, 44], [-8, 31, -44], [8, -12, -44], [8, 12, -27], [-1]]
Despejando literal -27
[[-38], [-31], [31, 38, 44], [-8, 31, -44], [8, -12, -44], [-1]]
Despejando literal -12
[[-38], [-31], [31, 38, 44], [-8, 31, -44], [-1]]
Despejando literal -8
[[-38], [-31], [31, 38, 44], [-1]]
Despejando literal 44
[[-38], [-31], [-1]]
Despejando literal -38
[[-31], [-1]]
Despejando literal -31
[[-1]]
Despejando literal -1
True
The check returns: True
