[[16, 17, 30], [-17, 22, 30], [-17, -22, 30], [16, -30, 47], [16, -30, -47], [-16, -21, 31], [-16, -21, -31], [-16, 21, -28], [-13, 21, 28], [13, -16, 18], [13, -18, -38], [13, -18, -31], [31, 38, 44], [-8, 31, -44], [8, -12, -44], [8, 12, -27], [12, 27, 40], [-4, 27, -40], [12, 23, -40], [-3, 4, -23], [3, -23, -49], [3, -13, -49], [-23, -26, 49], [12, -34, 49], [-12, 26, -34], [19, 34, 36], [-19, 26, 36], [-30, 34, -36], [24, 34, -36], [-24, -36, 43], [6, 42, -43], [-24, 42, -43], [-5, -24, -42], [5, 20, -42], [5, -7, -20], [4, 7, 10], [-4, 10, -20], [7, -10, -41], [-10, 41, 46], [-33, 41, -46], [33, -37, -46], [32, 33, 37], [6, -32, 37], [-6, 25, -32], [-6, -25, -48], [-9, 28, 48], [-9, -25, -28], [19, -25, 48], [2, 9, -19], [-2, -19, 35], [-2, 22, -35], [-22, -35, 50], [-17, -35, -50], [-29, -35, -50], [-1, 29, -50], [1, 11, 29], [-11, 17, -45], [-11, 39, 45], [-26, 39, 45], [-3, -26, 45], [-11, 15, -39], [14, -15, -39], [14, -15, -45], [14, -15, -27], [-14, -15, 47], [17, 17, 40], [1, -29, -31], [-7, 32, 38], [-14, -33, -47], [-1, 2, -8], [35, 43, 44], [21, 21, 24], [20, 29, -48], [23, 35, -37], [2, 18, -33], [15, 25, -45], [9, 14, -38], [-5, 11, 50], [-3, -13, 46], [-13, -41, 43]]
We have found a solution: [35, 22, 50, -17, 16, -29, 11, -21, -45, -28, 39, -9, 15, 14, 2, 24, 43, 42, -5, 20, -7, 10, -41, 46, -33, -37, 6, 25, -48, 19, 47, 36, -30, -13, 32, 44, -8, -12, -27, 40, -4, 23, -3, -49, -34, -26, 18, -38, -31, -1]
Despejando literal 35
[[16, 17, 30], [-17, 22, 30], [-17, -22, 30], [16, -30, 47], [16, -30, -47], [-16, -21, 31], [-16, -21, -31], [-16, 21, -28], [-13, 21, 28], [13, -16, 18], [13, -18, -38], [13, -18, -31], [31, 38, 44], [-8, 31, -44], [8, -12, -44], [8, 12, -27], [12, 27, 40], [-4, 27, -40], [12, 23, -40], [-3, 4, -23], [3, -23, -49], [3, -13, -49], [-23, -26, 49], [12, -34, 49], [-12, 26, -34], [19, 34, 36], [-19, 26, 36], [-30, 34, -36], [24, 34, -36], [-24, -36, 43], [6, 42, -43], [-24, 42, -43], [-5, -24, -42], [5, 20, -42], [5, -7, -20], [4, 7, 10], [-4, 10, -20], [7, -10, -41], [-10, 41, 46], [-33, 41, -46], [33, -37, -46], [32, 33, 37], [6, -32, 37], [-6, 25, -32], [-6, -25, -48], [-9, 28, 48], [-9, -25, -28], [19, -25, 48], [2, 9, -19], [-2, 22], [-22, 50], [-17, -50], [-29, -50], [-1, 29, -50], [1, 11, 29], [-11, 17, -45], [-11, 39, 45], [-26, 39, 45], [-3, -26, 45], [-11, 15, -39], [14, -15, -39], [14, -15, -45], [14, -15, -27], [-14, -15, 47], [17, 17, 40], [1, -29, -31], [-7, 32, 38], [-14, -33, -47], [-1, 2, -8], [21, 21, 24], [20, 29, -48], [2, 18, -33], [15, 25, -45], [9, 14, -38], [-5, 11, 50], [-3, -13, 46], [-13, -41, 43]]
Despejando literal 22
[[16, 17, 30], [-17, 30], [16, -30, 47], [16, -30, -47], [-16, -21, 31], [-16, -21, -31], [-16, 21, -28], [-13, 21, 28], [13, -16, 18], [13, -18, -38], [13, -18, -31], [31, 38, 44], [-8, 31, -44], [8, -12, -44], [8, 12, -27], [12, 27, 40], [-4, 27, -40], [12, 23, -40], [-3, 4, -23], [3, -23, -49], [3, -13, -49], [-23, -26, 49], [12, -34, 49], [-12, 26, -34], [19, 34, 36], [-19, 26, 36], [-30, 34, -36], [24, 34, -36], [-24, -36, 43], [6, 42, -43], [-24, 42, -43], [-5, -24, -42], [5, 20, -42], [5, -7, -20], [4, 7, 10], [-4, 10, -20], [7, -10, -41], [-10, 41, 46], [-33, 41, -46], [33, -37, -46], [32, 33, 37], [6, -32, 37], [-6, 25, -32], [-6, -25, -48], [-9, 28, 48], [-9, -25, -28], [19, -25, 48], [2, 9, -19], [50], [-17, -50], [-29, -50], [-1, 29, -50], [1, 11, 29], [-11, 17, -45], [-11, 39, 45], [-26, 39, 45], [-3, -26, 45], [-11, 15, -39], [14, -15, -39], [14, -15, -45], [14, -15, -27], [-14, -15, 47], [17, 17, 40], [1, -29, -31], [-7, 32, 38], [-14, -33, -47], [-1, 2, -8], [21, 21, 24], [20, 29, -48], [2, 18, -33], [15, 25, -45], [9, 14, -38], [-5, 11, 50], [-3, -13, 46], [-13, -41, 43]]
Despejando literal 50
[[16, 17, 30], [-17, 30], [16, -30, 47], [16, -30, -47], [-16, -21, 31], [-16, -21, -31], [-16, 21, -28], [-13, 21, 28], [13, -16, 18], [13, -18, -38], [13, -18, -31], [31, 38, 44], [-8, 31, -44], [8, -12, -44], [8, 12, -27], [12, 27, 40], [-4, 27, -40], [12, 23, -40], [-3, 4, -23], [3, -23, -49], [3, -13, -49], [-23, -26, 49], [12, -34, 49], [-12, 26, -34], [19, 34, 36], [-19, 26, 36], [-30, 34, -36], [24, 34, -36], [-24, -36, 43], [6, 42, -43], [-24, 42, -43], [-5, -24, -42], [5, 20, -42], [5, -7, -20], [4, 7, 10], [-4, 10, -20], [7, -10, -41], [-10, 41, 46], [-33, 41, -46], [33, -37, -46], [32, 33, 37], [6, -32, 37], [-6, 25, -32], [-6, -25, -48], [-9, 28, 48], [-9, -25, -28], [19, -25, 48], [2, 9, -19], [-17], [-29], [-1, 29], [1, 11, 29], [-11, 17, -45], [-11, 39, 45], [-26, 39, 45], [-3, -26, 45], [-11, 15, -39], [14, -15, -39], [14, -15, -45], [14, -15, -27], [-14, -15, 47], [17, 17, 40], [1, -29, -31], [-7, 32, 38], [-14, -33, -47], [-1, 2, -8], [21, 21, 24], [20, 29, -48], [2, 18, -33], [15, 25, -45], [9, 14, -38], [-3, -13, 46], [-13, -41, 43]]
Despejando literal -17
[[16, 30], [16, -30, 47], [16, -30, -47], [-16, -21, 31], [-16, -21, -31], [-16, 21, -28], [-13, 21, 28], [13, -16, 18], [13, -18, -38], [13, -18, -31], [31, 38, 44], [-8, 31, -44], [8, -12, -44], [8, 12, -27], [12, 27, 40], [-4, 27, -40], [12, 23, -40], [-3, 4, -23], [3, -23, -49], [3, -13, -49], [-23, -26, 49], [12, -34, 49], [-12, 26, -34], [19, 34, 36], [-19, 26, 36], [-30, 34, -36], [24, 34, -36], [-24, -36, 43], [6, 42, -43], [-24, 42, -43], [-5, -24, -42], [5, 20, -42], [5, -7, -20], [4, 7, 10], [-4, 10, -20], [7, -10, -41], [-10, 41, 46], [-33, 41, -46], [33, -37, -46], [32, 33, 37], [6, -32, 37], [-6, 25, -32], [-6, -25, -48], [-9, 28, 48], [-9, -25, -28], [19, -25, 48], [2, 9, -19], [-29], [-1, 29], [1, 11, 29], [-11, -45], [-11, 39, 45], [-26, 39, 45], [-3, -26, 45], [-11, 15, -39], [14, -15, -39], [14, -15, -45], [14, -15, -27], [-14, -15, 47], [40], [1, -29, -31], [-7, 32, 38], [-14, -33, -47], [-1, 2, -8], [21, 21, 24], [20, 29, -48], [2, 18, -33], [15, 25, -45], [9, 14, -38], [-3, -13, 46], [-13, -41, 43]]
Despejando literal 16
[[-21, 31], [-21, -31], [21, -28], [-13, 21, 28], [13, 18], [13, -18, -38], [13, -18, -31], [31, 38, 44], [-8, 31, -44], [8, -12, -44], [8, 12, -27], [12, 27, 40], [-4, 27, -40], [12, 23, -40], [-3, 4, -23], [3, -23, -49], [3, -13, -49], [-23, -26, 49], [12, -34, 49], [-12, 26, -34], [19, 34, 36], [-19, 26, 36], [-30, 34, -36], [24, 34, -36], [-24, -36, 43], [6, 42, -43], [-24, 42, -43], [-5, -24, -42], [5, 20, -42], [5, -7, -20], [4, 7, 10], [-4, 10, -20], [7, -10, -41], [-10, 41, 46], [-33, 41, -46], [33, -37, -46], [32, 33, 37], [6, -32, 37], [-6, 25, -32], [-6, -25, -48], [-9, 28, 48], [-9, -25, -28], [19, -25, 48], [2, 9, -19], [-29], [-1, 29], [1, 11, 29], [-11, -45], [-11, 39, 45], [-26, 39, 45], [-3, -26, 45], [-11, 15, -39], [14, -15, -39], [14, -15, -45], [14, -15, -27], [-14, -15, 47], [40], [1, -29, -31], [-7, 32, 38], [-14, -33, -47], [-1, 2, -8], [21, 21, 24], [20, 29, -48], [2, 18, -33], [15, 25, -45], [9, 14, -38], [-3, -13, 46], [-13, -41, 43]]
Despejando literal -29
[[-21, 31], [-21, -31], [21, -28], [-13, 21, 28], [13, 18], [13, -18, -38], [13, -18, -31], [31, 38, 44], [-8, 31, -44], [8, -12, -44], [8, 12, -27], [12, 27, 40], [-4, 27, -40], [12, 23, -40], [-3, 4, -23], [3, -23, -49], [3, -13, -49], [-23, -26, 49], [12, -34, 49], [-12, 26, -34], [19, 34, 36], [-19, 26, 36], [-30, 34, -36], [24, 34, -36], [-24, -36, 43], [6, 42, -43], [-24, 42, -43], [-5, -24, -42], [5, 20, -42], [5, -7, -20], [4, 7, 10], [-4, 10, -20], [7, -10, -41], [-10, 41, 46], [-33, 41, -46], [33, -37, -46], [32, 33, 37], [6, -32, 37], [-6, 25, -32], [-6, -25, -48], [-9, 28, 48], [-9, -25, -28], [19, -25, 48], [2, 9, -19], [-1], [1, 11], [-11, -45], [-11, 39, 45], [-26, 39, 45], [-3, -26, 45], [-11, 15, -39], [14, -15, -39], [14, -15, -45], [14, -15, -27], [-14, -15, 47], [40], [-7, 32, 38], [-14, -33, -47], [-1, 2, -8], [21, 21, 24], [20, -48], [2, 18, -33], [15, 25, -45], [9, 14, -38], [-3, -13, 46], [-13, -41, 43]]
Despejando literal 11
[[-21, 31], [-21, -31], [21, -28], [-13, 21, 28], [13, 18], [13, -18, -38], [13, -18, -31], [31, 38, 44], [-8, 31, -44], [8, -12, -44], [8, 12, -27], [12, 27, 40], [-4, 27, -40], [12, 23, -40], [-3, 4, -23], [3, -23, -49], [3, -13, -49], [-23, -26, 49], [12, -34, 49], [-12, 26, -34], [19, 34, 36], [-19, 26, 36], [-30, 34, -36], [24, 34, -36], [-24, -36, 43], [6, 42, -43], [-24, 42, -43], [-5, -24, -42], [5, 20, -42], [5, -7, -20], [4, 7, 10], [-4, 10, -20], [7, -10, -41], [-10, 41, 46], [-33, 41, -46], [33, -37, -46], [32, 33, 37], [6, -32, 37], [-6, 25, -32], [-6, -25, -48], [-9, 28, 48], [-9, -25, -28], [19, -25, 48], [2, 9, -19], [-1], [-45], [39, 45], [-26, 39, 45], [-3, -26, 45], [15, -39], [14, -15, -39], [14, -15, -45], [14, -15, -27], [-14, -15, 47], [40], [-7, 32, 38], [-14, -33, -47], [-1, 2, -8], [21, 21, 24], [20, -48], [2, 18, -33], [15, 25, -45], [9, 14, -38], [-3, -13, 46], [-13, -41, 43]]
Despejando literal -21
[[-28], [-13, 28], [13, 18], [13, -18, -38], [13, -18, -31], [31, 38, 44], [-8, 31, -44], [8, -12, -44], [8, 12, -27], [12, 27, 40], [-4, 27, -40], [12, 23, -40], [-3, 4, -23], [3, -23, -49], [3, -13, -49], [-23, -26, 49], [12, -34, 49], [-12, 26, -34], [19, 34, 36], [-19, 26, 36], [-30, 34, -36], [24, 34, -36], [-24, -36, 43], [6, 42, -43], [-24, 42, -43], [-5, -24, -42], [5, 20, -42], [5, -7, -20], [4, 7, 10], [-4, 10, -20], [7, -10, -41], [-10, 41, 46], [-33, 41, -46], [33, -37, -46], [32, 33, 37], [6, -32, 37], [-6, 25, -32], [-6, -25, -48], [-9, 28, 48], [-9, -25, -28], [19, -25, 48], [2, 9, -19], [-1], [-45], [39, 45], [-26, 39, 45], [-3, -26, 45], [15, -39], [14, -15, -39], [14, -15, -45], [14, -15, -27], [-14, -15, 47], [40], [-7, 32, 38], [-14, -33, -47], [-1, 2, -8], [24], [20, -48], [2, 18, -33], [15, 25, -45], [9, 14, -38], [-3, -13, 46], [-13, -41, 43]]
Despejando literal -45
[[-28], [-13, 28], [13, 18], [13, -18, -38], [13, -18, -31], [31, 38, 44], [-8, 31, -44], [8, -12, -44], [8, 12, -27], [12, 27, 40], [-4, 27, -40], [12, 23, -40], [-3, 4, -23], [3, -23, -49], [3, -13, -49], [-23, -26, 49], [12, -34, 49], [-12, 26, -34], [19, 34, 36], [-19, 26, 36], [-30, 34, -36], [24, 34, -36], [-24, -36, 43], [6, 42, -43], [-24, 42, -43], [-5, -24, -42], [5, 20, -42], [5, -7, -20], [4, 7, 10], [-4, 10, -20], [7, -10, -41], [-10, 41, 46], [-33, 41, -46], [33, -37, -46], [32, 33, 37], [6, -32, 37], [-6, 25, -32], [-6, -25, -48], [-9, 28, 48], [-9, -25, -28], [19, -25, 48], [2, 9, -19], [-1], [39], [-26, 39], [-3, -26], [15, -39], [14, -15, -39], [14, -15, -27], [-14, -15, 47], [40], [-7, 32, 38], [-14, -33, -47], [-1, 2, -8], [24], [20, -48], [2, 18, -33], [9, 14, -38], [-3, -13, 46], [-13, -41, 43]]
Despejando literal -28
[[-13], [13, 18], [13, -18, -38], [13, -18, -31], [31, 38, 44], [-8, 31, -44], [8, -12, -44], [8, 12, -27], [12, 27, 40], [-4, 27, -40], [12, 23, -40], [-3, 4, -23], [3, -23, -49], [3, -13, -49], [-23, -26, 49], [12, -34, 49], [-12, 26, -34], [19, 34, 36], [-19, 26, 36], [-30, 34, -36], [24, 34, -36], [-24, -36, 43], [6, 42, -43], [-24, 42, -43], [-5, -24, -42], [5, 20, -42], [5, -7, -20], [4, 7, 10], [-4, 10, -20], [7, -10, -41], [-10, 41, 46], [-33, 41, -46], [33, -37, -46], [32, 33, 37], [6, -32, 37], [-6, 25, -32], [-6, -25, -48], [-9, 48], [19, -25, 48], [2, 9, -19], [-1], [39], [-26, 39], [-3, -26], [15, -39], [14, -15, -39], [14, -15, -27], [-14, -15, 47], [40], [-7, 32, 38], [-14, -33, -47], [-1, 2, -8], [24], [20, -48], [2, 18, -33], [9, 14, -38], [-3, -13, 46], [-13, -41, 43]]
Despejando literal 39
[[-13], [13, 18], [13, -18, -38], [13, -18, -31], [31, 38, 44], [-8, 31, -44], [8, -12, -44], [8, 12, -27], [12, 27, 40], [-4, 27, -40], [12, 23, -40], [-3, 4, -23], [3, -23, -49], [3, -13, -49], [-23, -26, 49], [12, -34, 49], [-12, 26, -34], [19, 34, 36], [-19, 26, 36], [-30, 34, -36], [24, 34, -36], [-24, -36, 43], [6, 42, -43], [-24, 42, -43], [-5, -24, -42], [5, 20, -42], [5, -7, -20], [4, 7, 10], [-4, 10, -20], [7, -10, -41], [-10, 41, 46], [-33, 41, -46], [33, -37, -46], [32, 33, 37], [6, -32, 37], [-6, 25, -32], [-6, -25, -48], [-9, 48], [19, -25, 48], [2, 9, -19], [-1], [-3, -26], [15], [14, -15], [14, -15, -27], [-14, -15, 47], [40], [-7, 32, 38], [-14, -33, -47], [-1, 2, -8], [24], [20, -48], [2, 18, -33], [9, 14, -38], [-3, -13, 46], [-13, -41, 43]]
Despejando literal -9
[[-13], [13, 18], [13, -18, -38], [13, -18, -31], [31, 38, 44], [-8, 31, -44], [8, -12, -44], [8, 12, -27], [12, 27, 40], [-4, 27, -40], [12, 23, -40], [-3, 4, -23], [3, -23, -49], [3, -13, -49], [-23, -26, 49], [12, -34, 49], [-12, 26, -34], [19, 34, 36], [-19, 26, 36], [-30, 34, -36], [24, 34, -36], [-24, -36, 43], [6, 42, -43], [-24, 42, -43], [-5, -24, -42], [5, 20, -42], [5, -7, -20], [4, 7, 10], [-4, 10, -20], [7, -10, -41], [-10, 41, 46], [-33, 41, -46], [33, -37, -46], [32, 33, 37], [6, -32, 37], [-6, 25, -32], [-6, -25, -48], [19, -25, 48], [2, -19], [-1], [-3, -26], [15], [14, -15], [14, -15, -27], [-14, -15, 47], [40], [-7, 32, 38], [-14, -33, -47], [-1, 2, -8], [24], [20, -48], [2, 18, -33], [14, -38], [-3, -13, 46], [-13, -41, 43]]
Despejando literal 15
[[-13], [13, 18], [13, -18, -38], [13, -18, -31], [31, 38, 44], [-8, 31, -44], [8, -12, -44], [8, 12, -27], [12, 27, 40], [-4, 27, -40], [12, 23, -40], [-3, 4, -23], [3, -23, -49], [3, -13, -49], [-23, -26, 49], [12, -34, 49], [-12, 26, -34], [19, 34, 36], [-19, 26, 36], [-30, 34, -36], [24, 34, -36], [-24, -36, 43], [6, 42, -43], [-24, 42, -43], [-5, -24, -42], [5, 20, -42], [5, -7, -20], [4, 7, 10], [-4, 10, -20], [7, -10, -41], [-10, 41, 46], [-33, 41, -46], [33, -37, -46], [32, 33, 37], [6, -32, 37], [-6, 25, -32], [-6, -25, -48], [19, -25, 48], [2, -19], [-1], [-3, -26], [14], [14, -27], [-14, 47], [40], [-7, 32, 38], [-14, -33, -47], [-1, 2, -8], [24], [20, -48], [2, 18, -33], [14, -38], [-3, -13, 46], [-13, -41, 43]]
Despejando literal 14
[[-13], [13, 18], [13, -18, -38], [13, -18, -31], [31, 38, 44], [-8, 31, -44], [8, -12, -44], [8, 12, -27], [12, 27, 40], [-4, 27, -40], [12, 23, -40], [-3, 4, -23], [3, -23, -49], [3, -13, -49], [-23, -26, 49], [12, -34, 49], [-12, 26, -34], [19, 34, 36], [-19, 26, 36], [-30, 34, -36], [24, 34, -36], [-24, -36, 43], [6, 42, -43], [-24, 42, -43], [-5, -24, -42], [5, 20, -42], [5, -7, -20], [4, 7, 10], [-4, 10, -20], [7, -10, -41], [-10, 41, 46], [-33, 41, -46], [33, -37, -46], [32, 33, 37], [6, -32, 37], [-6, 25, -32], [-6, -25, -48], [19, -25, 48], [2, -19], [-1], [-3, -26], [47], [40], [-7, 32, 38], [-33, -47], [-1, 2, -8], [24], [20, -48], [2, 18, -33], [-3, -13, 46], [-13, -41, 43]]
Despejando literal 2
[[-13], [13, 18], [13, -18, -38], [13, -18, -31], [31, 38, 44], [-8, 31, -44], [8, -12, -44], [8, 12, -27], [12, 27, 40], [-4, 27, -40], [12, 23, -40], [-3, 4, -23], [3, -23, -49], [3, -13, -49], [-23, -26, 49], [12, -34, 49], [-12, 26, -34], [19, 34, 36], [-19, 26, 36], [-30, 34, -36], [24, 34, -36], [-24, -36, 43], [6, 42, -43], [-24, 42, -43], [-5, -24, -42], [5, 20, -42], [5, -7, -20], [4, 7, 10], [-4, 10, -20], [7, -10, -41], [-10, 41, 46], [-33, 41, -46], [33, -37, -46], [32, 33, 37], [6, -32, 37], [-6, 25, -32], [-6, -25, -48], [19, -25, 48], [-1], [-3, -26], [47], [40], [-7, 32, 38], [-33, -47], [24], [20, -48], [-3, -13, 46], [-13, -41, 43]]
Despejando literal 24
[[-13], [13, 18], [13, -18, -38], [13, -18, -31], [31, 38, 44], [-8, 31, -44], [8, -12, -44], [8, 12, -27], [12, 27, 40], [-4, 27, -40], [12, 23, -40], [-3, 4, -23], [3, -23, -49], [3, -13, -49], [-23, -26, 49], [12, -34, 49], [-12, 26, -34], [19, 34, 36], [-19, 26, 36], [-30, 34, -36], [-36, 43], [6, 42, -43], [42, -43], [-5, -42], [5, 20, -42], [5, -7, -20], [4, 7, 10], [-4, 10, -20], [7, -10, -41], [-10, 41, 46], [-33, 41, -46], [33, -37, -46], [32, 33, 37], [6, -32, 37], [-6, 25, -32], [-6, -25, -48], [19, -25, 48], [-1], [-3, -26], [47], [40], [-7, 32, 38], [-33, -47], [20, -48], [-3, -13, 46], [-13, -41, 43]]
Despejando literal 43
[[-13], [13, 18], [13, -18, -38], [13, -18, -31], [31, 38, 44], [-8, 31, -44], [8, -12, -44], [8, 12, -27], [12, 27, 40], [-4, 27, -40], [12, 23, -40], [-3, 4, -23], [3, -23, -49], [3, -13, -49], [-23, -26, 49], [12, -34, 49], [-12, 26, -34], [19, 34, 36], [-19, 26, 36], [-30, 34, -36], [6, 42], [42], [-5, -42], [5, 20, -42], [5, -7, -20], [4, 7, 10], [-4, 10, -20], [7, -10, -41], [-10, 41, 46], [-33, 41, -46], [33, -37, -46], [32, 33, 37], [6, -32, 37], [-6, 25, -32], [-6, -25, -48], [19, -25, 48], [-1], [-3, -26], [47], [40], [-7, 32, 38], [-33, -47], [20, -48], [-3, -13, 46]]
Despejando literal 42
[[-13], [13, 18], [13, -18, -38], [13, -18, -31], [31, 38, 44], [-8, 31, -44], [8, -12, -44], [8, 12, -27], [12, 27, 40], [-4, 27, -40], [12, 23, -40], [-3, 4, -23], [3, -23, -49], [3, -13, -49], [-23, -26, 49], [12, -34, 49], [-12, 26, -34], [19, 34, 36], [-19, 26, 36], [-30, 34, -36], [-5], [5, 20], [5, -7, -20], [4, 7, 10], [-4, 10, -20], [7, -10, -41], [-10, 41, 46], [-33, 41, -46], [33, -37, -46], [32, 33, 37], [6, -32, 37], [-6, 25, -32], [-6, -25, -48], [19, -25, 48], [-1], [-3, -26], [47], [40], [-7, 32, 38], [-33, -47], [20, -48], [-3, -13, 46]]
Despejando literal -5
[[-13], [13, 18], [13, -18, -38], [13, -18, -31], [31, 38, 44], [-8, 31, -44], [8, -12, -44], [8, 12, -27], [12, 27, 40], [-4, 27, -40], [12, 23, -40], [-3, 4, -23], [3, -23, -49], [3, -13, -49], [-23, -26, 49], [12, -34, 49], [-12, 26, -34], [19, 34, 36], [-19, 26, 36], [-30, 34, -36], [20], [-7, -20], [4, 7, 10], [-4, 10, -20], [7, -10, -41], [-10, 41, 46], [-33, 41, -46], [33, -37, -46], [32, 33, 37], [6, -32, 37], [-6, 25, -32], [-6, -25, -48], [19, -25, 48], [-1], [-3, -26], [47], [40], [-7, 32, 38], [-33, -47], [20, -48], [-3, -13, 46]]
Despejando literal 20
[[-13], [13, 18], [13, -18, -38], [13, -18, -31], [31, 38, 44], [-8, 31, -44], [8, -12, -44], [8, 12, -27], [12, 27, 40], [-4, 27, -40], [12, 23, -40], [-3, 4, -23], [3, -23, -49], [3, -13, -49], [-23, -26, 49], [12, -34, 49], [-12, 26, -34], [19, 34, 36], [-19, 26, 36], [-30, 34, -36], [-7], [4, 7, 10], [-4, 10], [7, -10, -41], [-10, 41, 46], [-33, 41, -46], [33, -37, -46], [32, 33, 37], [6, -32, 37], [-6, 25, -32], [-6, -25, -48], [19, -25, 48], [-1], [-3, -26], [47], [40], [-7, 32, 38], [-33, -47], [-3, -13, 46]]
Despejando literal -7
[[-13], [13, 18], [13, -18, -38], [13, -18, -31], [31, 38, 44], [-8, 31, -44], [8, -12, -44], [8, 12, -27], [12, 27, 40], [-4, 27, -40], [12, 23, -40], [-3, 4, -23], [3, -23, -49], [3, -13, -49], [-23, -26, 49], [12, -34, 49], [-12, 26, -34], [19, 34, 36], [-19, 26, 36], [-30, 34, -36], [4, 10], [-4, 10], [-10, -41], [-10, 41, 46], [-33, 41, -46], [33, -37, -46], [32, 33, 37], [6, -32, 37], [-6, 25, -32], [-6, -25, -48], [19, -25, 48], [-1], [-3, -26], [47], [40], [-33, -47], [-3, -13, 46]]
Despejando literal 10
[[-13], [13, 18], [13, -18, -38], [13, -18, -31], [31, 38, 44], [-8, 31, -44], [8, -12, -44], [8, 12, -27], [12, 27, 40], [-4, 27, -40], [12, 23, -40], [-3, 4, -23], [3, -23, -49], [3, -13, -49], [-23, -26, 49], [12, -34, 49], [-12, 26, -34], [19, 34, 36], [-19, 26, 36], [-30, 34, -36], [-41], [41, 46], [-33, 41, -46], [33, -37, -46], [32, 33, 37], [6, -32, 37], [-6, 25, -32], [-6, -25, -48], [19, -25, 48], [-1], [-3, -26], [47], [40], [-33, -47], [-3, -13, 46]]
Despejando literal -41
[[-13], [13, 18], [13, -18, -38], [13, -18, -31], [31, 38, 44], [-8, 31, -44], [8, -12, -44], [8, 12, -27], [12, 27, 40], [-4, 27, -40], [12, 23, -40], [-3, 4, -23], [3, -23, -49], [3, -13, -49], [-23, -26, 49], [12, -34, 49], [-12, 26, -34], [19, 34, 36], [-19, 26, 36], [-30, 34, -36], [46], [-33, -46], [33, -37, -46], [32, 33, 37], [6, -32, 37], [-6, 25, -32], [-6, -25, -48], [19, -25, 48], [-1], [-3, -26], [47], [40], [-33, -47], [-3, -13, 46]]
Despejando literal 46
[[-13], [13, 18], [13, -18, -38], [13, -18, -31], [31, 38, 44], [-8, 31, -44], [8, -12, -44], [8, 12, -27], [12, 27, 40], [-4, 27, -40], [12, 23, -40], [-3, 4, -23], [3, -23, -49], [3, -13, -49], [-23, -26, 49], [12, -34, 49], [-12, 26, -34], [19, 34, 36], [-19, 26, 36], [-30, 34, -36], [-33], [33, -37], [32, 33, 37], [6, -32, 37], [-6, 25, -32], [-6, -25, -48], [19, -25, 48], [-1], [-3, -26], [47], [40], [-33, -47]]
Despejando literal -33
[[-13], [13, 18], [13, -18, -38], [13, -18, -31], [31, 38, 44], [-8, 31, -44], [8, -12, -44], [8, 12, -27], [12, 27, 40], [-4, 27, -40], [12, 23, -40], [-3, 4, -23], [3, -23, -49], [3, -13, -49], [-23, -26, 49], [12, -34, 49], [-12, 26, -34], [19, 34, 36], [-19, 26, 36], [-30, 34, -36], [-37], [32, 37], [6, -32, 37], [-6, 25, -32], [-6, -25, -48], [19, -25, 48], [-1], [-3, -26], [47], [40]]
Despejando literal -37
[[-13], [13, 18], [13, -18, -38], [13, -18, -31], [31, 38, 44], [-8, 31, -44], [8, -12, -44], [8, 12, -27], [12, 27, 40], [-4, 27, -40], [12, 23, -40], [-3, 4, -23], [3, -23, -49], [3, -13, -49], [-23, -26, 49], [12, -34, 49], [-12, 26, -34], [19, 34, 36], [-19, 26, 36], [-30, 34, -36], [32], [6, -32], [-6, 25, -32], [-6, -25, -48], [19, -25, 48], [-1], [-3, -26], [47], [40]]
Despejando literal 6
[[-13], [13, 18], [13, -18, -38], [13, -18, -31], [31, 38, 44], [-8, 31, -44], [8, -12, -44], [8, 12, -27], [12, 27, 40], [-4, 27, -40], [12, 23, -40], [-3, 4, -23], [3, -23, -49], [3, -13, -49], [-23, -26, 49], [12, -34, 49], [-12, 26, -34], [19, 34, 36], [-19, 26, 36], [-30, 34, -36], [32], [25, -32], [-25, -48], [19, -25, 48], [-1], [-3, -26], [47], [40]]
Despejando literal 25
[[-13], [13, 18], [13, -18, -38], [13, -18, -31], [31, 38, 44], [-8, 31, -44], [8, -12, -44], [8, 12, -27], [12, 27, 40], [-4, 27, -40], [12, 23, -40], [-3, 4, -23], [3, -23, -49], [3, -13, -49], [-23, -26, 49], [12, -34, 49], [-12, 26, -34], [19, 34, 36], [-19, 26, 36], [-30, 34, -36], [32], [-48], [19, 48], [-1], [-3, -26], [47], [40]]
Despejando literal -48
[[-13], [13, 18], [13, -18, -38], [13, -18, -31], [31, 38, 44], [-8, 31, -44], [8, -12, -44], [8, 12, -27], [12, 27, 40], [-4, 27, -40], [12, 23, -40], [-3, 4, -23], [3, -23, -49], [3, -13, -49], [-23, -26, 49], [12, -34, 49], [-12, 26, -34], [19, 34, 36], [-19, 26, 36], [-30, 34, -36], [32], [19], [-1], [-3, -26], [47], [40]]
Despejando literal 19
[[-13], [13, 18], [13, -18, -38], [13, -18, -31], [31, 38, 44], [-8, 31, -44], [8, -12, -44], [8, 12, -27], [12, 27, 40], [-4, 27, -40], [12, 23, -40], [-3, 4, -23], [3, -23, -49], [3, -13, -49], [-23, -26, 49], [12, -34, 49], [-12, 26, -34], [26, 36], [-30, 34, -36], [32], [-1], [-3, -26], [47], [40]]
Despejando literal 47
[[-13], [13, 18], [13, -18, -38], [13, -18, -31], [31, 38, 44], [-8, 31, -44], [8, -12, -44], [8, 12, -27], [12, 27, 40], [-4, 27, -40], [12, 23, -40], [-3, 4, -23], [3, -23, -49], [3, -13, -49], [-23, -26, 49], [12, -34, 49], [-12, 26, -34], [26, 36], [-30, 34, -36], [32], [-1], [-3, -26], [40]]
Despejando literal 36
[[-13], [13, 18], [13, -18, -38], [13, -18, -31], [31, 38, 44], [-8, 31, -44], [8, -12, -44], [8, 12, -27], [12, 27, 40], [-4, 27, -40], [12, 23, -40], [-3, 4, -23], [3, -23, -49], [3, -13, -49], [-23, -26, 49], [12, -34, 49], [-12, 26, -34], [-30, 34], [32], [-1], [-3, -26], [40]]
Despejando literal -30
[[-13], [13, 18], [13, -18, -38], [13, -18, -31], [31, 38, 44], [-8, 31, -44], [8, -12, -44], [8, 12, -27], [12, 27, 40], [-4, 27, -40], [12, 23, -40], [-3, 4, -23], [3, -23, -49], [3, -13, -49], [-23, -26, 49], [12, -34, 49], [-12, 26, -34], [32], [-1], [-3, -26], [40]]
Despejando literal -13
[[18], [-18, -38], [-18, -31], [31, 38, 44], [-8, 31, -44], [8, -12, -44], [8, 12, -27], [12, 27, 40], [-4, 27, -40], [12, 23, -40], [-3, 4, -23], [3, -23, -49], [-23, -26, 49], [12, -34, 49], [-12, 26, -34], [32], [-1], [-3, -26], [40]]
Despejando literal 32
[[18], [-18, -38], [-18, -31], [31, 38, 44], [-8, 31, -44], [8, -12, -44], [8, 12, -27], [12, 27, 40], [-4, 27, -40], [12, 23, -40], [-3, 4, -23], [3, -23, -49], [-23, -26, 49], [12, -34, 49], [-12, 26, -34], [-1], [-3, -26], [40]]
Despejando literal 44
[[18], [-18, -38], [-18, -31], [-8, 31], [8, -12], [8, 12, -27], [12, 27, 40], [-4, 27, -40], [12, 23, -40], [-3, 4, -23], [3, -23, -49], [-23, -26, 49], [12, -34, 49], [-12, 26, -34], [-1], [-3, -26], [40]]
Despejando literal -8
[[18], [-18, -38], [-18, -31], [-12], [12, -27], [12, 27, 40], [-4, 27, -40], [12, 23, -40], [-3, 4, -23], [3, -23, -49], [-23, -26, 49], [12, -34, 49], [-12, 26, -34], [-1], [-3, -26], [40]]
Despejando literal -12
[[18], [-18, -38], [-18, -31], [-27], [27, 40], [-4, 27, -40], [23, -40], [-3, 4, -23], [3, -23, -49], [-23, -26, 49], [-34, 49], [-1], [-3, -26], [40]]
Despejando literal -27
[[18], [-18, -38], [-18, -31], [40], [-4, -40], [23, -40], [-3, 4, -23], [3, -23, -49], [-23, -26, 49], [-34, 49], [-1], [-3, -26], [40]]
Despejando literal 40
[[18], [-18, -38], [-18, -31], [-4], [23], [-3, 4, -23], [3, -23, -49], [-23, -26, 49], [-34, 49], [-1], [-3, -26]]
Despejando literal -4
[[18], [-18, -38], [-18, -31], [23], [-3, -23], [3, -23, -49], [-23, -26, 49], [-34, 49], [-1], [-3, -26]]
Despejando literal 23
[[18], [-18, -38], [-18, -31], [-3], [3, -49], [-26, 49], [-34, 49], [-1], [-3, -26]]
Despejando literal -3
[[18], [-18, -38], [-18, -31], [-49], [-26, 49], [-34, 49], [-1]]
Despejando literal -49
[[18], [-18, -38], [-18, -31], [-26], [-34], [-1]]
Despejando literal -34
[[18], [-18, -38], [-18, -31], [-26], [-1]]
Despejando literal -26
[[18], [-18, -38], [-18, -31], [-1]]
Despejando literal 18
[[-38], [-31], [-1]]
Despejando literal -38
[[-31], [-1]]
Despejando literal -31
[[-1]]
Despejando literal -1
True
The check returns: True
